(kicad_pcb (version 20171130) (host pcbnew 5.1.1-8be2ce7~80~ubuntu18.04.1)

  (general
    (thickness 1.6)
    (drawings 4)
    (tracks 0)
    (zones 0)
    (modules 23)
    (nets 27)
  )

  (page A4)
  (layers
    (0 F.Cu signal)
    (31 B.Cu signal)
    (32 B.Adhes user)
    (33 F.Adhes user)
    (34 B.Paste user)
    (35 F.Paste user)
    (36 B.SilkS user)
    (37 F.SilkS user)
    (38 B.Mask user)
    (39 F.Mask user)
    (40 Dwgs.User user)
    (41 Cmts.User user)
    (42 Eco1.User user)
    (43 Eco2.User user)
    (44 Edge.Cuts user)
    (45 Margin user)
    (46 B.CrtYd user)
    (47 F.CrtYd user)
    (48 B.Fab user)
    (49 F.Fab user)
  )

  (setup
    (last_trace_width 0.25)
    (trace_clearance 0.2)
    (zone_clearance 0.508)
    (zone_45_only no)
    (trace_min 0.2)
    (via_size 0.8)
    (via_drill 0.4)
    (via_min_size 0.4)
    (via_min_drill 0.3)
    (uvia_size 0.3)
    (uvia_drill 0.1)
    (uvias_allowed no)
    (uvia_min_size 0.2)
    (uvia_min_drill 0.1)
    (edge_width 0.05)
    (segment_width 0.2)
    (pcb_text_width 0.3)
    (pcb_text_size 1.5 1.5)
    (mod_edge_width 0.12)
    (mod_text_size 1 1)
    (mod_text_width 0.15)
    (pad_size 1.8 1.8)
    (pad_drill 0.9)
    (pad_to_mask_clearance 0.051)
    (solder_mask_min_width 0.25)
    (aux_axis_origin 0 0)
    (visible_elements FFFFFF7F)
    (pcbplotparams
      (layerselection 0x010fc_ffffffff)
      (usegerberextensions false)
      (usegerberattributes false)
      (usegerberadvancedattributes false)
      (creategerberjobfile false)
      (excludeedgelayer true)
      (linewidth 0.100000)
      (plotframeref false)
      (viasonmask false)
      (mode 1)
      (useauxorigin false)
      (hpglpennumber 1)
      (hpglpenspeed 20)
      (hpglpendiameter 15.000000)
      (psnegative false)
      (psa4output false)
      (plotreference true)
      (plotvalue true)
      (plotinvisibletext false)
      (padsonsilk false)
      (subtractmaskfromsilk false)
      (outputformat 1)
      (mirror false)
      (drillshape 1)
      (scaleselection 1)
      (outputdirectory ""))
  )

  (net 0 "")
  (net 1 GND)
  (net 2 "Net-(D2-Pad2)")
  (net 3 "Net-(D3-Pad2)")
  (net 4 "Net-(D4-Pad2)")
  (net 5 "Net-(D5-Pad2)")
  (net 6 "Net-(D6-Pad2)")
  (net 7 "Net-(D7-Pad2)")
  (net 8 "Net-(D8-Pad2)")
  (net 9 "Net-(D9-Pad2)")
  (net 10 "Net-(D10-Pad2)")
  (net 11 "Net-(R3-Pad2)")
  (net 12 "Net-(R4-Pad2)")
  (net 13 "Net-(R5-Pad2)")
  (net 14 "Net-(R6-Pad2)")
  (net 15 "Net-(R7-Pad2)")
  (net 16 "Net-(R8-Pad2)")
  (net 17 "Net-(R9-Pad2)")
  (net 18 "Net-(R10-Pad2)")
  (net 19 "Net-(R11-Pad2)")
  (net 20 "Net-(SW2-Pad2)")
  (net 21 VCC)
  (net 22 "Net-(SW3-Pad2)")
  (net 23 "Net-(SW5-Pad2)")
  (net 24 "Net-(U1-Pad11)")
  (net 25 "Net-(U1-Pad12)")
  (net 26 "Net-(U1-Pad10)")

  (net_class Default "This is the default net class."
    (clearance 0.2)
    (trace_width 0.25)
    (via_dia 0.8)
    (via_drill 0.4)
    (uvia_dia 0.3)
    (uvia_drill 0.1)
    (add_net GND)
    (add_net "Net-(D10-Pad2)")
    (add_net "Net-(D2-Pad2)")
    (add_net "Net-(D3-Pad2)")
    (add_net "Net-(D4-Pad2)")
    (add_net "Net-(D5-Pad2)")
    (add_net "Net-(D6-Pad2)")
    (add_net "Net-(D7-Pad2)")
    (add_net "Net-(D8-Pad2)")
    (add_net "Net-(D9-Pad2)")
    (add_net "Net-(R10-Pad2)")
    (add_net "Net-(R11-Pad2)")
    (add_net "Net-(R3-Pad2)")
    (add_net "Net-(R4-Pad2)")
    (add_net "Net-(R5-Pad2)")
    (add_net "Net-(R6-Pad2)")
    (add_net "Net-(R7-Pad2)")
    (add_net "Net-(R8-Pad2)")
    (add_net "Net-(R9-Pad2)")
    (add_net "Net-(SW2-Pad2)")
    (add_net "Net-(SW3-Pad2)")
    (add_net "Net-(SW5-Pad2)")
    (add_net "Net-(U1-Pad10)")
    (add_net "Net-(U1-Pad11)")
    (add_net "Net-(U1-Pad12)")
    (add_net VCC)
  )

  (module LED_THT:LED_D5.0mm_Clear (layer F.Cu) (tedit 5A6C9BC0) (tstamp 5CB896C2)
    (at 131 104.3 90)
    (descr "LED, diameter 5.0mm, 2 pins, http://cdn-reichelt.de/documents/datenblatt/A500/LL-504BC2E-009.pdf")
    (tags "LED diameter 5.0mm 2 pins")
    (path /5CB75649)
    (fp_text reference D2 (at 1.27 -3.96 90) (layer F.SilkS)
      (effects (font (size 1 1) (thickness 0.15)))
    )
    (fp_text value LED (at 1.27 3.96 90) (layer F.Fab)
      (effects (font (size 1 1) (thickness 0.15)))
    )
    (fp_arc (start 1.27 0) (end -1.29 1.54483) (angle -148.9) (layer F.SilkS) (width 0.12))
    (fp_arc (start 1.27 0) (end -1.29 -1.54483) (angle 148.9) (layer F.SilkS) (width 0.12))
    (fp_arc (start 1.27 0) (end -1.23 -1.469694) (angle 299.1) (layer F.Fab) (width 0.1))
    (fp_circle (center 1.27 0) (end 3.77 0) (layer F.SilkS) (width 0.12))
    (fp_circle (center 1.27 0) (end 3.77 0) (layer F.Fab) (width 0.1))
    (fp_line (start 4.5 -3.25) (end -1.95 -3.25) (layer F.CrtYd) (width 0.05))
    (fp_line (start 4.5 3.25) (end 4.5 -3.25) (layer F.CrtYd) (width 0.05))
    (fp_line (start -1.95 3.25) (end 4.5 3.25) (layer F.CrtYd) (width 0.05))
    (fp_line (start -1.95 -3.25) (end -1.95 3.25) (layer F.CrtYd) (width 0.05))
    (fp_line (start -1.29 -1.545) (end -1.29 1.545) (layer F.SilkS) (width 0.12))
    (fp_line (start -1.23 -1.469694) (end -1.23 1.469694) (layer F.Fab) (width 0.1))
    (fp_text user %R (at 33.256 -3.112 90) (layer F.Fab)
      (effects (font (size 0.8 0.8) (thickness 0.2)))
    )
    (pad 2 thru_hole circle (at 2.54 0 90) (size 1.8 1.8) (drill 0.9) (layers *.Cu *.Mask)
      (net 2 "Net-(D2-Pad2)"))
    (pad 1 thru_hole rect (at 0 0 90) (size 1.8 1.8) (drill 0.9) (layers *.Cu *.Mask)
      (net 1 GND))
    (model ${KISYS3DMOD}/LED_THT.3dshapes/LED_D5.0mm_Clear.wrl
      (at (xyz 0 0 0))
      (scale (xyz 1 1 1))
      (rotate (xyz 0 0 0))
    )
  )

  (module LED_THT:LED_D5.0mm_Clear (layer F.Cu) (tedit 5A6C9BC0) (tstamp 5CB8ABEE)
    (at 131 97.3 90)
    (descr "LED, diameter 5.0mm, 2 pins, http://cdn-reichelt.de/documents/datenblatt/A500/LL-504BC2E-009.pdf")
    (tags "LED diameter 5.0mm 2 pins")
    (path /5CB75C6D)
    (fp_text reference D3 (at 2.05 4.128 90) (layer F.SilkS)
      (effects (font (size 1 1) (thickness 0.15)))
    )
    (fp_text value LED (at 3.447 -4.381 90) (layer F.Fab)
      (effects (font (size 1 1) (thickness 0.15)))
    )
    (fp_text user %R (at 1.25 0 90) (layer F.Fab)
      (effects (font (size 0.8 0.8) (thickness 0.2)))
    )
    (fp_line (start -1.23 -1.469694) (end -1.23 1.469694) (layer F.Fab) (width 0.1))
    (fp_line (start -1.29 -1.545) (end -1.29 1.545) (layer F.SilkS) (width 0.12))
    (fp_line (start -1.95 -3.25) (end -1.95 3.25) (layer F.CrtYd) (width 0.05))
    (fp_line (start -1.95 3.25) (end 4.5 3.25) (layer F.CrtYd) (width 0.05))
    (fp_line (start 4.5 3.25) (end 4.5 -3.25) (layer F.CrtYd) (width 0.05))
    (fp_line (start 4.5 -3.25) (end -1.95 -3.25) (layer F.CrtYd) (width 0.05))
    (fp_circle (center 1.27 0) (end 3.77 0) (layer F.Fab) (width 0.1))
    (fp_circle (center 1.27 0) (end 3.77 0) (layer F.SilkS) (width 0.12))
    (fp_arc (start 1.27 0) (end -1.23 -1.469694) (angle 299.1) (layer F.Fab) (width 0.1))
    (fp_arc (start 1.27 0) (end -1.29 -1.54483) (angle 148.9) (layer F.SilkS) (width 0.12))
    (fp_arc (start 1.27 0) (end -1.29 1.54483) (angle -148.9) (layer F.SilkS) (width 0.12))
    (pad 1 thru_hole rect (at 0 0 90) (size 1.8 1.8) (drill 0.9) (layers *.Cu *.Mask)
      (net 1 GND))
    (pad 2 thru_hole circle (at 2.54 0 90) (size 1.8 1.8) (drill 0.9) (layers *.Cu *.Mask)
      (net 3 "Net-(D3-Pad2)"))
    (model ${KISYS3DMOD}/LED_THT.3dshapes/LED_D5.0mm_Clear.wrl
      (at (xyz 0 0 0))
      (scale (xyz 1 1 1))
      (rotate (xyz 0 0 0))
    )
  )

  (module LED_THT:LED_D5.0mm_Clear (layer F.Cu) (tedit 5A6C9BC0) (tstamp 5CB896E6)
    (at 131 90.3 90)
    (descr "LED, diameter 5.0mm, 2 pins, http://cdn-reichelt.de/documents/datenblatt/A500/LL-504BC2E-009.pdf")
    (tags "LED diameter 5.0mm 2 pins")
    (path /5CB75FF8)
    (fp_text reference D4 (at 1.4 4.128 90) (layer F.SilkS)
      (effects (font (size 1 1) (thickness 0.15)))
    )
    (fp_text value LED (at 1.908 -4.254 90) (layer F.Fab)
      (effects (font (size 1 1) (thickness 0.15)))
    )
    (fp_arc (start 1.27 0) (end -1.29 1.54483) (angle -148.9) (layer F.SilkS) (width 0.12))
    (fp_arc (start 1.27 0) (end -1.29 -1.54483) (angle 148.9) (layer F.SilkS) (width 0.12))
    (fp_arc (start 1.27 0) (end -1.23 -1.469694) (angle 299.1) (layer F.Fab) (width 0.1))
    (fp_circle (center 1.27 0) (end 3.77 0) (layer F.SilkS) (width 0.12))
    (fp_circle (center 1.27 0) (end 3.77 0) (layer F.Fab) (width 0.1))
    (fp_line (start 4.5 -3.25) (end -1.95 -3.25) (layer F.CrtYd) (width 0.05))
    (fp_line (start 4.5 3.25) (end 4.5 -3.25) (layer F.CrtYd) (width 0.05))
    (fp_line (start -1.95 3.25) (end 4.5 3.25) (layer F.CrtYd) (width 0.05))
    (fp_line (start -1.95 -3.25) (end -1.95 3.25) (layer F.CrtYd) (width 0.05))
    (fp_line (start -1.29 -1.545) (end -1.29 1.545) (layer F.SilkS) (width 0.12))
    (fp_line (start -1.23 -1.469694) (end -1.23 1.469694) (layer F.Fab) (width 0.1))
    (fp_text user %R (at 1.25 0 90) (layer F.Fab)
      (effects (font (size 0.8 0.8) (thickness 0.2)))
    )
    (pad 2 thru_hole circle (at 2.54 0 90) (size 1.8 1.8) (drill 0.9) (layers *.Cu *.Mask)
      (net 4 "Net-(D4-Pad2)"))
    (pad 1 thru_hole rect (at 0 0 90) (size 1.8 1.8) (drill 0.9) (layers *.Cu *.Mask)
      (net 1 GND))
    (model ${KISYS3DMOD}/LED_THT.3dshapes/LED_D5.0mm_Clear.wrl
      (at (xyz 0 0 0))
      (scale (xyz 1 1 1))
      (rotate (xyz 0 0 0))
    )
  )

  (module LED_THT:LED_D5.0mm_Clear (layer F.Cu) (tedit 5A6C9BC0) (tstamp 5CB896F8)
    (at 131 83.3 90)
    (descr "LED, diameter 5.0mm, 2 pins, http://cdn-reichelt.de/documents/datenblatt/A500/LL-504BC2E-009.pdf")
    (tags "LED diameter 5.0mm 2 pins")
    (path /5CB762B4)
    (fp_text reference D5 (at 1.27 -3.96 90) (layer F.SilkS)
      (effects (font (size 1 1) (thickness 0.15)))
    )
    (fp_text value LED (at 1.27 3.96 90) (layer F.Fab)
      (effects (font (size 1 1) (thickness 0.15)))
    )
    (fp_text user %R (at 1.25 0 90) (layer F.Fab)
      (effects (font (size 0.8 0.8) (thickness 0.2)))
    )
    (fp_line (start -1.23 -1.469694) (end -1.23 1.469694) (layer F.Fab) (width 0.1))
    (fp_line (start -1.29 -1.545) (end -1.29 1.545) (layer F.SilkS) (width 0.12))
    (fp_line (start -1.95 -3.25) (end -1.95 3.25) (layer F.CrtYd) (width 0.05))
    (fp_line (start -1.95 3.25) (end 4.5 3.25) (layer F.CrtYd) (width 0.05))
    (fp_line (start 4.5 3.25) (end 4.5 -3.25) (layer F.CrtYd) (width 0.05))
    (fp_line (start 4.5 -3.25) (end -1.95 -3.25) (layer F.CrtYd) (width 0.05))
    (fp_circle (center 1.27 0) (end 3.77 0) (layer F.Fab) (width 0.1))
    (fp_circle (center 1.27 0) (end 3.77 0) (layer F.SilkS) (width 0.12))
    (fp_arc (start 1.27 0) (end -1.23 -1.469694) (angle 299.1) (layer F.Fab) (width 0.1))
    (fp_arc (start 1.27 0) (end -1.29 -1.54483) (angle 148.9) (layer F.SilkS) (width 0.12))
    (fp_arc (start 1.27 0) (end -1.29 1.54483) (angle -148.9) (layer F.SilkS) (width 0.12))
    (pad 1 thru_hole rect (at 0 0 90) (size 1.8 1.8) (drill 0.9) (layers *.Cu *.Mask)
      (net 1 GND))
    (pad 2 thru_hole circle (at 2.54 0 90) (size 1.8 1.8) (drill 0.9) (layers *.Cu *.Mask)
      (net 5 "Net-(D5-Pad2)"))
    (model ${KISYS3DMOD}/LED_THT.3dshapes/LED_D5.0mm_Clear.wrl
      (at (xyz 0 0 0))
      (scale (xyz 1 1 1))
      (rotate (xyz 0 0 0))
    )
  )

  (module LED_THT:LED_D5.0mm_Clear (layer F.Cu) (tedit 5A6C9BC0) (tstamp 5CB8970A)
    (at 131 76.3 90)
    (descr "LED, diameter 5.0mm, 2 pins, http://cdn-reichelt.de/documents/datenblatt/A500/LL-504BC2E-009.pdf")
    (tags "LED diameter 5.0mm 2 pins")
    (path /5CB76667)
    (fp_text reference D6 (at 1.624 4.001 90) (layer F.SilkS)
      (effects (font (size 1 1) (thickness 0.15)))
    )
    (fp_text value LED (at 3.402 -4.127 90) (layer F.Fab)
      (effects (font (size 1 1) (thickness 0.15)))
    )
    (fp_arc (start 1.27 0) (end -1.29 1.54483) (angle -148.9) (layer F.SilkS) (width 0.12))
    (fp_arc (start 1.27 0) (end -1.29 -1.54483) (angle 148.9) (layer F.SilkS) (width 0.12))
    (fp_arc (start 1.27 0) (end -1.23 -1.469694) (angle 299.1) (layer F.Fab) (width 0.1))
    (fp_circle (center 1.27 0) (end 3.77 0) (layer F.SilkS) (width 0.12))
    (fp_circle (center 1.27 0) (end 3.77 0) (layer F.Fab) (width 0.1))
    (fp_line (start 4.5 -3.25) (end -1.95 -3.25) (layer F.CrtYd) (width 0.05))
    (fp_line (start 4.5 3.25) (end 4.5 -3.25) (layer F.CrtYd) (width 0.05))
    (fp_line (start -1.95 3.25) (end 4.5 3.25) (layer F.CrtYd) (width 0.05))
    (fp_line (start -1.95 -3.25) (end -1.95 3.25) (layer F.CrtYd) (width 0.05))
    (fp_line (start -1.29 -1.545) (end -1.29 1.545) (layer F.SilkS) (width 0.12))
    (fp_line (start -1.23 -1.469694) (end -1.23 1.469694) (layer F.Fab) (width 0.1))
    (fp_text user %R (at 1.25 0 90) (layer F.Fab)
      (effects (font (size 0.8 0.8) (thickness 0.2)))
    )
    (pad 2 thru_hole circle (at 2.54 0 90) (size 1.8 1.8) (drill 0.9) (layers *.Cu *.Mask)
      (net 6 "Net-(D6-Pad2)"))
    (pad 1 thru_hole rect (at 0 0 90) (size 1.8 1.8) (drill 0.9) (layers *.Cu *.Mask)
      (net 1 GND))
    (model ${KISYS3DMOD}/LED_THT.3dshapes/LED_D5.0mm_Clear.wrl
      (at (xyz 0 0 0))
      (scale (xyz 1 1 1))
      (rotate (xyz 0 0 0))
    )
  )

  (module LED_THT:LED_D5.0mm_Clear (layer F.Cu) (tedit 5A6C9BC0) (tstamp 5CB8971C)
    (at 131 69.3 90)
    (descr "LED, diameter 5.0mm, 2 pins, http://cdn-reichelt.de/documents/datenblatt/A500/LL-504BC2E-009.pdf")
    (tags "LED diameter 5.0mm 2 pins")
    (path /5CB769D2)
    (fp_text reference D7 (at 1.482 4.128 90) (layer F.SilkS)
      (effects (font (size 1 1) (thickness 0.15)))
    )
    (fp_text value LED (at 3.26 -4 90) (layer F.Fab)
      (effects (font (size 1 1) (thickness 0.15)))
    )
    (fp_text user %R (at 1.25 0 90) (layer F.Fab)
      (effects (font (size 0.8 0.8) (thickness 0.2)))
    )
    (fp_line (start -1.23 -1.469694) (end -1.23 1.469694) (layer F.Fab) (width 0.1))
    (fp_line (start -1.29 -1.545) (end -1.29 1.545) (layer F.SilkS) (width 0.12))
    (fp_line (start -1.95 -3.25) (end -1.95 3.25) (layer F.CrtYd) (width 0.05))
    (fp_line (start -1.95 3.25) (end 4.5 3.25) (layer F.CrtYd) (width 0.05))
    (fp_line (start 4.5 3.25) (end 4.5 -3.25) (layer F.CrtYd) (width 0.05))
    (fp_line (start 4.5 -3.25) (end -1.95 -3.25) (layer F.CrtYd) (width 0.05))
    (fp_circle (center 1.27 0) (end 3.77 0) (layer F.Fab) (width 0.1))
    (fp_circle (center 1.27 0) (end 3.77 0) (layer F.SilkS) (width 0.12))
    (fp_arc (start 1.27 0) (end -1.23 -1.469694) (angle 299.1) (layer F.Fab) (width 0.1))
    (fp_arc (start 1.27 0) (end -1.29 -1.54483) (angle 148.9) (layer F.SilkS) (width 0.12))
    (fp_arc (start 1.27 0) (end -1.29 1.54483) (angle -148.9) (layer F.SilkS) (width 0.12))
    (pad 1 thru_hole rect (at 0 0 90) (size 1.8 1.8) (drill 0.9) (layers *.Cu *.Mask)
      (net 1 GND))
    (pad 2 thru_hole circle (at 2.54 0 90) (size 1.8 1.8) (drill 0.9) (layers *.Cu *.Mask)
      (net 7 "Net-(D7-Pad2)"))
    (model ${KISYS3DMOD}/LED_THT.3dshapes/LED_D5.0mm_Clear.wrl
      (at (xyz 0 0 0))
      (scale (xyz 1 1 1))
      (rotate (xyz 0 0 0))
    )
  )

  (module LED_THT:LED_D5.0mm_Clear (layer F.Cu) (tedit 5A6C9BC0) (tstamp 5CB8972E)
    (at 131 62.3 90)
    (descr "LED, diameter 5.0mm, 2 pins, http://cdn-reichelt.de/documents/datenblatt/A500/LL-504BC2E-009.pdf")
    (tags "LED diameter 5.0mm 2 pins")
    (path /5CB76CDD)
    (fp_text reference D8 (at 0.832 4.128 90) (layer F.SilkS)
      (effects (font (size 1 1) (thickness 0.15)))
    )
    (fp_text value LED (at 1.848 -4 90) (layer F.Fab)
      (effects (font (size 1 1) (thickness 0.15)))
    )
    (fp_text user %R (at 1.25 0 90) (layer F.Fab)
      (effects (font (size 0.8 0.8) (thickness 0.2)))
    )
    (fp_line (start -1.23 -1.469694) (end -1.23 1.469694) (layer F.Fab) (width 0.1))
    (fp_line (start -1.29 -1.545) (end -1.29 1.545) (layer F.SilkS) (width 0.12))
    (fp_line (start -1.95 -3.25) (end -1.95 3.25) (layer F.CrtYd) (width 0.05))
    (fp_line (start -1.95 3.25) (end 4.5 3.25) (layer F.CrtYd) (width 0.05))
    (fp_line (start 4.5 3.25) (end 4.5 -3.25) (layer F.CrtYd) (width 0.05))
    (fp_line (start 4.5 -3.25) (end -1.95 -3.25) (layer F.CrtYd) (width 0.05))
    (fp_circle (center 1.27 0) (end 3.77 0) (layer F.Fab) (width 0.1))
    (fp_circle (center 1.27 0) (end 3.77 0) (layer F.SilkS) (width 0.12))
    (fp_arc (start 1.27 0) (end -1.23 -1.469694) (angle 299.1) (layer F.Fab) (width 0.1))
    (fp_arc (start 1.27 0) (end -1.29 -1.54483) (angle 148.9) (layer F.SilkS) (width 0.12))
    (fp_arc (start 1.27 0) (end -1.29 1.54483) (angle -148.9) (layer F.SilkS) (width 0.12))
    (pad 1 thru_hole rect (at 0 0 90) (size 1.8 1.8) (drill 0.9) (layers *.Cu *.Mask)
      (net 1 GND))
    (pad 2 thru_hole circle (at 2.54 0 90) (size 1.8 1.8) (drill 0.9) (layers *.Cu *.Mask)
      (net 8 "Net-(D8-Pad2)"))
    (model ${KISYS3DMOD}/LED_THT.3dshapes/LED_D5.0mm_Clear.wrl
      (at (xyz 0 0 0))
      (scale (xyz 1 1 1))
      (rotate (xyz 0 0 0))
    )
  )

  (module LED_THT:LED_D5.0mm_Clear (layer F.Cu) (tedit 5A6C9BC0) (tstamp 5CB89740)
    (at 131 55.3 90)
    (descr "LED, diameter 5.0mm, 2 pins, http://cdn-reichelt.de/documents/datenblatt/A500/LL-504BC2E-009.pdf")
    (tags "LED diameter 5.0mm 2 pins")
    (path /5CB770AF)
    (fp_text reference D9 (at 0.69 4.128 90) (layer F.SilkS)
      (effects (font (size 1 1) (thickness 0.15)))
    )
    (fp_text value LED (at 1.833 -4 90) (layer F.Fab)
      (effects (font (size 1 1) (thickness 0.15)))
    )
    (fp_arc (start 1.27 0) (end -1.29 1.54483) (angle -148.9) (layer F.SilkS) (width 0.12))
    (fp_arc (start 1.27 0) (end -1.29 -1.54483) (angle 148.9) (layer F.SilkS) (width 0.12))
    (fp_arc (start 1.27 0) (end -1.23 -1.469694) (angle 299.1) (layer F.Fab) (width 0.1))
    (fp_circle (center 1.27 0) (end 3.77 0) (layer F.SilkS) (width 0.12))
    (fp_circle (center 1.27 0) (end 3.77 0) (layer F.Fab) (width 0.1))
    (fp_line (start 4.5 -3.25) (end -1.95 -3.25) (layer F.CrtYd) (width 0.05))
    (fp_line (start 4.5 3.25) (end 4.5 -3.25) (layer F.CrtYd) (width 0.05))
    (fp_line (start -1.95 3.25) (end 4.5 3.25) (layer F.CrtYd) (width 0.05))
    (fp_line (start -1.95 -3.25) (end -1.95 3.25) (layer F.CrtYd) (width 0.05))
    (fp_line (start -1.29 -1.545) (end -1.29 1.545) (layer F.SilkS) (width 0.12))
    (fp_line (start -1.23 -1.469694) (end -1.23 1.469694) (layer F.Fab) (width 0.1))
    (fp_text user %R (at 1.25 0 90) (layer F.Fab)
      (effects (font (size 0.8 0.8) (thickness 0.2)))
    )
    (pad 2 thru_hole circle (at 2.54 0 90) (size 1.8 1.8) (drill 0.9) (layers *.Cu *.Mask)
      (net 9 "Net-(D9-Pad2)"))
    (pad 1 thru_hole rect (at 0 0 90) (size 1.8 1.8) (drill 0.9) (layers *.Cu *.Mask)
      (net 1 GND))
    (model ${KISYS3DMOD}/LED_THT.3dshapes/LED_D5.0mm_Clear.wrl
      (at (xyz 0 0 0))
      (scale (xyz 1 1 1))
      (rotate (xyz 0 0 0))
    )
  )

  (module LED_THT:LED_D5.0mm_Clear (layer F.Cu) (tedit 5CB85A3B) (tstamp 5CB89752)
    (at 130.937 48.3 90)
    (descr "LED, diameter 5.0mm, 2 pins, http://cdn-reichelt.de/documents/datenblatt/A500/LL-504BC2E-009.pdf")
    (tags "LED diameter 5.0mm 2 pins")
    (path /5CB8C1B7)
    (fp_text reference D10 (at 0.381 4.064 90) (layer F.SilkS)
      (effects (font (size 1 1) (thickness 0.15)))
    )
    (fp_text value LED (at 3.302 4.064 270) (layer F.Fab)
      (effects (font (size 1 1) (thickness 0.15)))
    )
    (fp_text user %R (at 1.25 0 90) (layer F.Fab)
      (effects (font (size 0.8 0.8) (thickness 0.2)))
    )
    (fp_line (start -1.23 -1.469694) (end -1.23 1.469694) (layer F.Fab) (width 0.1))
    (fp_line (start -1.29 -1.545) (end -1.29 1.545) (layer F.SilkS) (width 0.12))
    (fp_line (start -1.95 -3.25) (end -1.95 3.25) (layer F.CrtYd) (width 0.05))
    (fp_line (start -1.95 3.25) (end 4.5 3.25) (layer F.CrtYd) (width 0.05))
    (fp_line (start 4.5 3.25) (end 4.5 -3.25) (layer F.CrtYd) (width 0.05))
    (fp_line (start 4.5 -3.25) (end -1.95 -3.25) (layer F.CrtYd) (width 0.05))
    (fp_circle (center 1.27 0) (end 3.77 0) (layer F.Fab) (width 0.1))
    (fp_circle (center 1.27 0) (end 3.77 0) (layer F.SilkS) (width 0.12))
    (fp_arc (start 1.27 0) (end -1.23 -1.469694) (angle 299.1) (layer F.Fab) (width 0.1))
    (fp_arc (start 1.27 0) (end -1.29 -1.54483) (angle 148.9) (layer F.SilkS) (width 0.12))
    (fp_arc (start 1.27 0) (end -1.29 1.54483) (angle -148.9) (layer F.SilkS) (width 0.12))
    (pad 1 thru_hole rect (at 0 0 90) (size 1.8 1.8) (drill 0.9) (layers *.Cu *.Mask)
      (net 1 GND))
    (pad 2 thru_hole circle (at 2.54 0 90) (size 1.8 1.8) (drill 0.9) (layers *.Cu *.Mask)
      (net 10 "Net-(D10-Pad2)"))
    (model ${KISYS3DMOD}/LED_THT.3dshapes/LED_D5.0mm_Clear.wrl
      (at (xyz 0 0 0))
      (scale (xyz 1 1 1))
      (rotate (xyz 0 0 0))
    )
  )

  (module Resistor_THT:R_Axial_DIN0207_L6.3mm_D2.5mm_P7.62mm_Horizontal (layer F.Cu) (tedit 5AE5139B) (tstamp 5CB89797)
    (at 138.5 101.219)
    (descr "Resistor, Axial_DIN0207 series, Axial, Horizontal, pin pitch=7.62mm, 0.25W = 1/4W, length*diameter=6.3*2.5mm^2, http://cdn-reichelt.de/documents/datenblatt/B400/1_4W%23YAG.pdf")
    (tags "Resistor Axial_DIN0207 series Axial Horizontal pin pitch 7.62mm 0.25W = 1/4W length 6.3mm diameter 2.5mm")
    (path /5CB73AC9)
    (fp_text reference R3 (at 3.81 -2.37) (layer F.SilkS)
      (effects (font (size 1 1) (thickness 0.15)))
    )
    (fp_text value R (at 3.81 2.37) (layer F.Fab)
      (effects (font (size 1 1) (thickness 0.15)))
    )
    (fp_line (start 0.66 -1.25) (end 0.66 1.25) (layer F.Fab) (width 0.1))
    (fp_line (start 0.66 1.25) (end 6.96 1.25) (layer F.Fab) (width 0.1))
    (fp_line (start 6.96 1.25) (end 6.96 -1.25) (layer F.Fab) (width 0.1))
    (fp_line (start 6.96 -1.25) (end 0.66 -1.25) (layer F.Fab) (width 0.1))
    (fp_line (start 0 0) (end 0.66 0) (layer F.Fab) (width 0.1))
    (fp_line (start 7.62 0) (end 6.96 0) (layer F.Fab) (width 0.1))
    (fp_line (start 0.54 -1.04) (end 0.54 -1.37) (layer F.SilkS) (width 0.12))
    (fp_line (start 0.54 -1.37) (end 7.08 -1.37) (layer F.SilkS) (width 0.12))
    (fp_line (start 7.08 -1.37) (end 7.08 -1.04) (layer F.SilkS) (width 0.12))
    (fp_line (start 0.54 1.04) (end 0.54 1.37) (layer F.SilkS) (width 0.12))
    (fp_line (start 0.54 1.37) (end 7.08 1.37) (layer F.SilkS) (width 0.12))
    (fp_line (start 7.08 1.37) (end 7.08 1.04) (layer F.SilkS) (width 0.12))
    (fp_line (start -1.05 -1.5) (end -1.05 1.5) (layer F.CrtYd) (width 0.05))
    (fp_line (start -1.05 1.5) (end 8.67 1.5) (layer F.CrtYd) (width 0.05))
    (fp_line (start 8.67 1.5) (end 8.67 -1.5) (layer F.CrtYd) (width 0.05))
    (fp_line (start 8.67 -1.5) (end -1.05 -1.5) (layer F.CrtYd) (width 0.05))
    (fp_text user %R (at 3.81 0) (layer F.Fab)
      (effects (font (size 1 1) (thickness 0.15)))
    )
    (pad 1 thru_hole circle (at 0 0) (size 1.6 1.6) (drill 0.8) (layers *.Cu *.Mask)
      (net 2 "Net-(D2-Pad2)"))
    (pad 2 thru_hole oval (at 7.62 0) (size 1.6 1.6) (drill 0.8) (layers *.Cu *.Mask)
      (net 11 "Net-(R3-Pad2)"))
    (model ${KISYS3DMOD}/Resistor_THT.3dshapes/R_Axial_DIN0207_L6.3mm_D2.5mm_P7.62mm_Horizontal.wrl
      (at (xyz 0 0 0))
      (scale (xyz 1 1 1))
      (rotate (xyz 0 0 0))
    )
  )

  (module Resistor_THT:R_Axial_DIN0207_L6.3mm_D2.5mm_P7.62mm_Horizontal (layer F.Cu) (tedit 5AE5139B) (tstamp 5CB897AE)
    (at 138.5 95.758)
    (descr "Resistor, Axial_DIN0207 series, Axial, Horizontal, pin pitch=7.62mm, 0.25W = 1/4W, length*diameter=6.3*2.5mm^2, http://cdn-reichelt.de/documents/datenblatt/B400/1_4W%23YAG.pdf")
    (tags "Resistor Axial_DIN0207 series Axial Horizontal pin pitch 7.62mm 0.25W = 1/4W length 6.3mm diameter 2.5mm")
    (path /5CB74128)
    (fp_text reference R4 (at 3.81 -2.37) (layer F.SilkS)
      (effects (font (size 1 1) (thickness 0.15)))
    )
    (fp_text value R (at 3.81 2.37) (layer F.Fab)
      (effects (font (size 1 1) (thickness 0.15)))
    )
    (fp_text user %R (at 3.81 0) (layer F.Fab)
      (effects (font (size 1 1) (thickness 0.15)))
    )
    (fp_line (start 8.67 -1.5) (end -1.05 -1.5) (layer F.CrtYd) (width 0.05))
    (fp_line (start 8.67 1.5) (end 8.67 -1.5) (layer F.CrtYd) (width 0.05))
    (fp_line (start -1.05 1.5) (end 8.67 1.5) (layer F.CrtYd) (width 0.05))
    (fp_line (start -1.05 -1.5) (end -1.05 1.5) (layer F.CrtYd) (width 0.05))
    (fp_line (start 7.08 1.37) (end 7.08 1.04) (layer F.SilkS) (width 0.12))
    (fp_line (start 0.54 1.37) (end 7.08 1.37) (layer F.SilkS) (width 0.12))
    (fp_line (start 0.54 1.04) (end 0.54 1.37) (layer F.SilkS) (width 0.12))
    (fp_line (start 7.08 -1.37) (end 7.08 -1.04) (layer F.SilkS) (width 0.12))
    (fp_line (start 0.54 -1.37) (end 7.08 -1.37) (layer F.SilkS) (width 0.12))
    (fp_line (start 0.54 -1.04) (end 0.54 -1.37) (layer F.SilkS) (width 0.12))
    (fp_line (start 7.62 0) (end 6.96 0) (layer F.Fab) (width 0.1))
    (fp_line (start 0 0) (end 0.66 0) (layer F.Fab) (width 0.1))
    (fp_line (start 6.96 -1.25) (end 0.66 -1.25) (layer F.Fab) (width 0.1))
    (fp_line (start 6.96 1.25) (end 6.96 -1.25) (layer F.Fab) (width 0.1))
    (fp_line (start 0.66 1.25) (end 6.96 1.25) (layer F.Fab) (width 0.1))
    (fp_line (start 0.66 -1.25) (end 0.66 1.25) (layer F.Fab) (width 0.1))
    (pad 2 thru_hole oval (at 7.62 0) (size 1.6 1.6) (drill 0.8) (layers *.Cu *.Mask)
      (net 12 "Net-(R4-Pad2)"))
    (pad 1 thru_hole circle (at 0 0) (size 1.6 1.6) (drill 0.8) (layers *.Cu *.Mask)
      (net 3 "Net-(D3-Pad2)"))
    (model ${KISYS3DMOD}/Resistor_THT.3dshapes/R_Axial_DIN0207_L6.3mm_D2.5mm_P7.62mm_Horizontal.wrl
      (at (xyz 0 0 0))
      (scale (xyz 1 1 1))
      (rotate (xyz 0 0 0))
    )
  )

  (module Resistor_THT:R_Axial_DIN0207_L6.3mm_D2.5mm_P7.62mm_Horizontal (layer F.Cu) (tedit 5AE5139B) (tstamp 5CB897C5)
    (at 138.5 87.122)
    (descr "Resistor, Axial_DIN0207 series, Axial, Horizontal, pin pitch=7.62mm, 0.25W = 1/4W, length*diameter=6.3*2.5mm^2, http://cdn-reichelt.de/documents/datenblatt/B400/1_4W%23YAG.pdf")
    (tags "Resistor Axial_DIN0207 series Axial Horizontal pin pitch 7.62mm 0.25W = 1/4W length 6.3mm diameter 2.5mm")
    (path /5CB742CF)
    (fp_text reference R5 (at 3.81 -2.37) (layer F.SilkS)
      (effects (font (size 1 1) (thickness 0.15)))
    )
    (fp_text value R (at 3.81 2.37) (layer F.Fab)
      (effects (font (size 1 1) (thickness 0.15)))
    )
    (fp_line (start 0.66 -1.25) (end 0.66 1.25) (layer F.Fab) (width 0.1))
    (fp_line (start 0.66 1.25) (end 6.96 1.25) (layer F.Fab) (width 0.1))
    (fp_line (start 6.96 1.25) (end 6.96 -1.25) (layer F.Fab) (width 0.1))
    (fp_line (start 6.96 -1.25) (end 0.66 -1.25) (layer F.Fab) (width 0.1))
    (fp_line (start 0 0) (end 0.66 0) (layer F.Fab) (width 0.1))
    (fp_line (start 7.62 0) (end 6.96 0) (layer F.Fab) (width 0.1))
    (fp_line (start 0.54 -1.04) (end 0.54 -1.37) (layer F.SilkS) (width 0.12))
    (fp_line (start 0.54 -1.37) (end 7.08 -1.37) (layer F.SilkS) (width 0.12))
    (fp_line (start 7.08 -1.37) (end 7.08 -1.04) (layer F.SilkS) (width 0.12))
    (fp_line (start 0.54 1.04) (end 0.54 1.37) (layer F.SilkS) (width 0.12))
    (fp_line (start 0.54 1.37) (end 7.08 1.37) (layer F.SilkS) (width 0.12))
    (fp_line (start 7.08 1.37) (end 7.08 1.04) (layer F.SilkS) (width 0.12))
    (fp_line (start -1.05 -1.5) (end -1.05 1.5) (layer F.CrtYd) (width 0.05))
    (fp_line (start -1.05 1.5) (end 8.67 1.5) (layer F.CrtYd) (width 0.05))
    (fp_line (start 8.67 1.5) (end 8.67 -1.5) (layer F.CrtYd) (width 0.05))
    (fp_line (start 8.67 -1.5) (end -1.05 -1.5) (layer F.CrtYd) (width 0.05))
    (fp_text user %R (at 3.81 0) (layer F.Fab)
      (effects (font (size 1 1) (thickness 0.15)))
    )
    (pad 1 thru_hole circle (at 0 0) (size 1.6 1.6) (drill 0.8) (layers *.Cu *.Mask)
      (net 4 "Net-(D4-Pad2)"))
    (pad 2 thru_hole oval (at 7.62 0) (size 1.6 1.6) (drill 0.8) (layers *.Cu *.Mask)
      (net 13 "Net-(R5-Pad2)"))
    (model ${KISYS3DMOD}/Resistor_THT.3dshapes/R_Axial_DIN0207_L6.3mm_D2.5mm_P7.62mm_Horizontal.wrl
      (at (xyz 0 0 0))
      (scale (xyz 1 1 1))
      (rotate (xyz 0 0 0))
    )
  )

  (module Resistor_THT:R_Axial_DIN0207_L6.3mm_D2.5mm_P7.62mm_Horizontal (layer F.Cu) (tedit 5AE5139B) (tstamp 5CB897DC)
    (at 138.811 73.787)
    (descr "Resistor, Axial_DIN0207 series, Axial, Horizontal, pin pitch=7.62mm, 0.25W = 1/4W, length*diameter=6.3*2.5mm^2, http://cdn-reichelt.de/documents/datenblatt/B400/1_4W%23YAG.pdf")
    (tags "Resistor Axial_DIN0207 series Axial Horizontal pin pitch 7.62mm 0.25W = 1/4W length 6.3mm diameter 2.5mm")
    (path /5CB74657)
    (fp_text reference R6 (at 3.81 -2.37) (layer F.SilkS)
      (effects (font (size 1 1) (thickness 0.15)))
    )
    (fp_text value R (at 3.81 2.37) (layer F.Fab)
      (effects (font (size 1 1) (thickness 0.15)))
    )
    (fp_text user %R (at 3.81 0) (layer F.Fab)
      (effects (font (size 1 1) (thickness 0.15)))
    )
    (fp_line (start 8.67 -1.5) (end -1.05 -1.5) (layer F.CrtYd) (width 0.05))
    (fp_line (start 8.67 1.5) (end 8.67 -1.5) (layer F.CrtYd) (width 0.05))
    (fp_line (start -1.05 1.5) (end 8.67 1.5) (layer F.CrtYd) (width 0.05))
    (fp_line (start -1.05 -1.5) (end -1.05 1.5) (layer F.CrtYd) (width 0.05))
    (fp_line (start 7.08 1.37) (end 7.08 1.04) (layer F.SilkS) (width 0.12))
    (fp_line (start 0.54 1.37) (end 7.08 1.37) (layer F.SilkS) (width 0.12))
    (fp_line (start 0.54 1.04) (end 0.54 1.37) (layer F.SilkS) (width 0.12))
    (fp_line (start 7.08 -1.37) (end 7.08 -1.04) (layer F.SilkS) (width 0.12))
    (fp_line (start 0.54 -1.37) (end 7.08 -1.37) (layer F.SilkS) (width 0.12))
    (fp_line (start 0.54 -1.04) (end 0.54 -1.37) (layer F.SilkS) (width 0.12))
    (fp_line (start 7.62 0) (end 6.96 0) (layer F.Fab) (width 0.1))
    (fp_line (start 0 0) (end 0.66 0) (layer F.Fab) (width 0.1))
    (fp_line (start 6.96 -1.25) (end 0.66 -1.25) (layer F.Fab) (width 0.1))
    (fp_line (start 6.96 1.25) (end 6.96 -1.25) (layer F.Fab) (width 0.1))
    (fp_line (start 0.66 1.25) (end 6.96 1.25) (layer F.Fab) (width 0.1))
    (fp_line (start 0.66 -1.25) (end 0.66 1.25) (layer F.Fab) (width 0.1))
    (pad 2 thru_hole oval (at 7.62 0) (size 1.6 1.6) (drill 0.8) (layers *.Cu *.Mask)
      (net 14 "Net-(R6-Pad2)"))
    (pad 1 thru_hole circle (at 0 0) (size 1.6 1.6) (drill 0.8) (layers *.Cu *.Mask)
      (net 5 "Net-(D5-Pad2)"))
    (model ${KISYS3DMOD}/Resistor_THT.3dshapes/R_Axial_DIN0207_L6.3mm_D2.5mm_P7.62mm_Horizontal.wrl
      (at (xyz 0 0 0))
      (scale (xyz 1 1 1))
      (rotate (xyz 0 0 0))
    )
  )

  (module Resistor_THT:R_Axial_DIN0207_L6.3mm_D2.5mm_P7.62mm_Horizontal (layer F.Cu) (tedit 5AE5139B) (tstamp 5CB897F3)
    (at 138.5 68.326)
    (descr "Resistor, Axial_DIN0207 series, Axial, Horizontal, pin pitch=7.62mm, 0.25W = 1/4W, length*diameter=6.3*2.5mm^2, http://cdn-reichelt.de/documents/datenblatt/B400/1_4W%23YAG.pdf")
    (tags "Resistor Axial_DIN0207 series Axial Horizontal pin pitch 7.62mm 0.25W = 1/4W length 6.3mm diameter 2.5mm")
    (path /5CB748D2)
    (fp_text reference R7 (at 3.81 -2.37) (layer F.SilkS)
      (effects (font (size 1 1) (thickness 0.15)))
    )
    (fp_text value R (at 3.81 2.37) (layer F.Fab)
      (effects (font (size 1 1) (thickness 0.15)))
    )
    (fp_line (start 0.66 -1.25) (end 0.66 1.25) (layer F.Fab) (width 0.1))
    (fp_line (start 0.66 1.25) (end 6.96 1.25) (layer F.Fab) (width 0.1))
    (fp_line (start 6.96 1.25) (end 6.96 -1.25) (layer F.Fab) (width 0.1))
    (fp_line (start 6.96 -1.25) (end 0.66 -1.25) (layer F.Fab) (width 0.1))
    (fp_line (start 0 0) (end 0.66 0) (layer F.Fab) (width 0.1))
    (fp_line (start 7.62 0) (end 6.96 0) (layer F.Fab) (width 0.1))
    (fp_line (start 0.54 -1.04) (end 0.54 -1.37) (layer F.SilkS) (width 0.12))
    (fp_line (start 0.54 -1.37) (end 7.08 -1.37) (layer F.SilkS) (width 0.12))
    (fp_line (start 7.08 -1.37) (end 7.08 -1.04) (layer F.SilkS) (width 0.12))
    (fp_line (start 0.54 1.04) (end 0.54 1.37) (layer F.SilkS) (width 0.12))
    (fp_line (start 0.54 1.37) (end 7.08 1.37) (layer F.SilkS) (width 0.12))
    (fp_line (start 7.08 1.37) (end 7.08 1.04) (layer F.SilkS) (width 0.12))
    (fp_line (start -1.05 -1.5) (end -1.05 1.5) (layer F.CrtYd) (width 0.05))
    (fp_line (start -1.05 1.5) (end 8.67 1.5) (layer F.CrtYd) (width 0.05))
    (fp_line (start 8.67 1.5) (end 8.67 -1.5) (layer F.CrtYd) (width 0.05))
    (fp_line (start 8.67 -1.5) (end -1.05 -1.5) (layer F.CrtYd) (width 0.05))
    (fp_text user %R (at 3.81 0) (layer F.Fab)
      (effects (font (size 1 1) (thickness 0.15)))
    )
    (pad 1 thru_hole circle (at 0 0) (size 1.6 1.6) (drill 0.8) (layers *.Cu *.Mask)
      (net 6 "Net-(D6-Pad2)"))
    (pad 2 thru_hole oval (at 7.62 0) (size 1.6 1.6) (drill 0.8) (layers *.Cu *.Mask)
      (net 15 "Net-(R7-Pad2)"))
    (model ${KISYS3DMOD}/Resistor_THT.3dshapes/R_Axial_DIN0207_L6.3mm_D2.5mm_P7.62mm_Horizontal.wrl
      (at (xyz 0 0 0))
      (scale (xyz 1 1 1))
      (rotate (xyz 0 0 0))
    )
  )

  (module Resistor_THT:R_Axial_DIN0207_L6.3mm_D2.5mm_P7.62mm_Horizontal (layer F.Cu) (tedit 5AE5139B) (tstamp 5CB8980A)
    (at 138.5 62.611)
    (descr "Resistor, Axial_DIN0207 series, Axial, Horizontal, pin pitch=7.62mm, 0.25W = 1/4W, length*diameter=6.3*2.5mm^2, http://cdn-reichelt.de/documents/datenblatt/B400/1_4W%23YAG.pdf")
    (tags "Resistor Axial_DIN0207 series Axial Horizontal pin pitch 7.62mm 0.25W = 1/4W length 6.3mm diameter 2.5mm")
    (path /5CB74AF5)
    (fp_text reference R8 (at 3.81 -2.37) (layer F.SilkS)
      (effects (font (size 1 1) (thickness 0.15)))
    )
    (fp_text value R (at 3.81 2.37) (layer F.Fab)
      (effects (font (size 1 1) (thickness 0.15)))
    )
    (fp_text user %R (at 3.81 0) (layer F.Fab)
      (effects (font (size 1 1) (thickness 0.15)))
    )
    (fp_line (start 8.67 -1.5) (end -1.05 -1.5) (layer F.CrtYd) (width 0.05))
    (fp_line (start 8.67 1.5) (end 8.67 -1.5) (layer F.CrtYd) (width 0.05))
    (fp_line (start -1.05 1.5) (end 8.67 1.5) (layer F.CrtYd) (width 0.05))
    (fp_line (start -1.05 -1.5) (end -1.05 1.5) (layer F.CrtYd) (width 0.05))
    (fp_line (start 7.08 1.37) (end 7.08 1.04) (layer F.SilkS) (width 0.12))
    (fp_line (start 0.54 1.37) (end 7.08 1.37) (layer F.SilkS) (width 0.12))
    (fp_line (start 0.54 1.04) (end 0.54 1.37) (layer F.SilkS) (width 0.12))
    (fp_line (start 7.08 -1.37) (end 7.08 -1.04) (layer F.SilkS) (width 0.12))
    (fp_line (start 0.54 -1.37) (end 7.08 -1.37) (layer F.SilkS) (width 0.12))
    (fp_line (start 0.54 -1.04) (end 0.54 -1.37) (layer F.SilkS) (width 0.12))
    (fp_line (start 7.62 0) (end 6.96 0) (layer F.Fab) (width 0.1))
    (fp_line (start 0 0) (end 0.66 0) (layer F.Fab) (width 0.1))
    (fp_line (start 6.96 -1.25) (end 0.66 -1.25) (layer F.Fab) (width 0.1))
    (fp_line (start 6.96 1.25) (end 6.96 -1.25) (layer F.Fab) (width 0.1))
    (fp_line (start 0.66 1.25) (end 6.96 1.25) (layer F.Fab) (width 0.1))
    (fp_line (start 0.66 -1.25) (end 0.66 1.25) (layer F.Fab) (width 0.1))
    (pad 2 thru_hole oval (at 7.62 0) (size 1.6 1.6) (drill 0.8) (layers *.Cu *.Mask)
      (net 16 "Net-(R8-Pad2)"))
    (pad 1 thru_hole circle (at 0 0) (size 1.6 1.6) (drill 0.8) (layers *.Cu *.Mask)
      (net 7 "Net-(D7-Pad2)"))
    (model ${KISYS3DMOD}/Resistor_THT.3dshapes/R_Axial_DIN0207_L6.3mm_D2.5mm_P7.62mm_Horizontal.wrl
      (at (xyz 0 0 0))
      (scale (xyz 1 1 1))
      (rotate (xyz 0 0 0))
    )
  )

  (module Resistor_THT:R_Axial_DIN0207_L6.3mm_D2.5mm_P7.62mm_Horizontal (layer F.Cu) (tedit 5AE5139B) (tstamp 5CB89821)
    (at 138.5 57.277)
    (descr "Resistor, Axial_DIN0207 series, Axial, Horizontal, pin pitch=7.62mm, 0.25W = 1/4W, length*diameter=6.3*2.5mm^2, http://cdn-reichelt.de/documents/datenblatt/B400/1_4W%23YAG.pdf")
    (tags "Resistor Axial_DIN0207 series Axial Horizontal pin pitch 7.62mm 0.25W = 1/4W length 6.3mm diameter 2.5mm")
    (path /5CB74DF2)
    (fp_text reference R9 (at 3.81 -2.37) (layer F.SilkS)
      (effects (font (size 1 1) (thickness 0.15)))
    )
    (fp_text value R (at 3.81 2.37) (layer F.Fab)
      (effects (font (size 1 1) (thickness 0.15)))
    )
    (fp_line (start 0.66 -1.25) (end 0.66 1.25) (layer F.Fab) (width 0.1))
    (fp_line (start 0.66 1.25) (end 6.96 1.25) (layer F.Fab) (width 0.1))
    (fp_line (start 6.96 1.25) (end 6.96 -1.25) (layer F.Fab) (width 0.1))
    (fp_line (start 6.96 -1.25) (end 0.66 -1.25) (layer F.Fab) (width 0.1))
    (fp_line (start 0 0) (end 0.66 0) (layer F.Fab) (width 0.1))
    (fp_line (start 7.62 0) (end 6.96 0) (layer F.Fab) (width 0.1))
    (fp_line (start 0.54 -1.04) (end 0.54 -1.37) (layer F.SilkS) (width 0.12))
    (fp_line (start 0.54 -1.37) (end 7.08 -1.37) (layer F.SilkS) (width 0.12))
    (fp_line (start 7.08 -1.37) (end 7.08 -1.04) (layer F.SilkS) (width 0.12))
    (fp_line (start 0.54 1.04) (end 0.54 1.37) (layer F.SilkS) (width 0.12))
    (fp_line (start 0.54 1.37) (end 7.08 1.37) (layer F.SilkS) (width 0.12))
    (fp_line (start 7.08 1.37) (end 7.08 1.04) (layer F.SilkS) (width 0.12))
    (fp_line (start -1.05 -1.5) (end -1.05 1.5) (layer F.CrtYd) (width 0.05))
    (fp_line (start -1.05 1.5) (end 8.67 1.5) (layer F.CrtYd) (width 0.05))
    (fp_line (start 8.67 1.5) (end 8.67 -1.5) (layer F.CrtYd) (width 0.05))
    (fp_line (start 8.67 -1.5) (end -1.05 -1.5) (layer F.CrtYd) (width 0.05))
    (fp_text user %R (at 3.81 0) (layer F.Fab)
      (effects (font (size 1 1) (thickness 0.15)))
    )
    (pad 1 thru_hole circle (at 0 0) (size 1.6 1.6) (drill 0.8) (layers *.Cu *.Mask)
      (net 8 "Net-(D8-Pad2)"))
    (pad 2 thru_hole oval (at 7.62 0) (size 1.6 1.6) (drill 0.8) (layers *.Cu *.Mask)
      (net 17 "Net-(R9-Pad2)"))
    (model ${KISYS3DMOD}/Resistor_THT.3dshapes/R_Axial_DIN0207_L6.3mm_D2.5mm_P7.62mm_Horizontal.wrl
      (at (xyz 0 0 0))
      (scale (xyz 1 1 1))
      (rotate (xyz 0 0 0))
    )
  )

  (module Resistor_THT:R_Axial_DIN0207_L6.3mm_D2.5mm_P7.62mm_Horizontal (layer F.Cu) (tedit 5AE5139B) (tstamp 5CB89838)
    (at 138.5 51.816)
    (descr "Resistor, Axial_DIN0207 series, Axial, Horizontal, pin pitch=7.62mm, 0.25W = 1/4W, length*diameter=6.3*2.5mm^2, http://cdn-reichelt.de/documents/datenblatt/B400/1_4W%23YAG.pdf")
    (tags "Resistor Axial_DIN0207 series Axial Horizontal pin pitch 7.62mm 0.25W = 1/4W length 6.3mm diameter 2.5mm")
    (path /5CB750B3)
    (fp_text reference R10 (at 3.81 -2.37) (layer F.SilkS)
      (effects (font (size 1 1) (thickness 0.15)))
    )
    (fp_text value R (at 3.81 2.37) (layer F.Fab)
      (effects (font (size 1 1) (thickness 0.15)))
    )
    (fp_text user %R (at 3.81 0) (layer F.Fab)
      (effects (font (size 1 1) (thickness 0.15)))
    )
    (fp_line (start 8.67 -1.5) (end -1.05 -1.5) (layer F.CrtYd) (width 0.05))
    (fp_line (start 8.67 1.5) (end 8.67 -1.5) (layer F.CrtYd) (width 0.05))
    (fp_line (start -1.05 1.5) (end 8.67 1.5) (layer F.CrtYd) (width 0.05))
    (fp_line (start -1.05 -1.5) (end -1.05 1.5) (layer F.CrtYd) (width 0.05))
    (fp_line (start 7.08 1.37) (end 7.08 1.04) (layer F.SilkS) (width 0.12))
    (fp_line (start 0.54 1.37) (end 7.08 1.37) (layer F.SilkS) (width 0.12))
    (fp_line (start 0.54 1.04) (end 0.54 1.37) (layer F.SilkS) (width 0.12))
    (fp_line (start 7.08 -1.37) (end 7.08 -1.04) (layer F.SilkS) (width 0.12))
    (fp_line (start 0.54 -1.37) (end 7.08 -1.37) (layer F.SilkS) (width 0.12))
    (fp_line (start 0.54 -1.04) (end 0.54 -1.37) (layer F.SilkS) (width 0.12))
    (fp_line (start 7.62 0) (end 6.96 0) (layer F.Fab) (width 0.1))
    (fp_line (start 0 0) (end 0.66 0) (layer F.Fab) (width 0.1))
    (fp_line (start 6.96 -1.25) (end 0.66 -1.25) (layer F.Fab) (width 0.1))
    (fp_line (start 6.96 1.25) (end 6.96 -1.25) (layer F.Fab) (width 0.1))
    (fp_line (start 0.66 1.25) (end 6.96 1.25) (layer F.Fab) (width 0.1))
    (fp_line (start 0.66 -1.25) (end 0.66 1.25) (layer F.Fab) (width 0.1))
    (pad 2 thru_hole oval (at 7.62 0) (size 1.6 1.6) (drill 0.8) (layers *.Cu *.Mask)
      (net 18 "Net-(R10-Pad2)"))
    (pad 1 thru_hole circle (at 0 0) (size 1.6 1.6) (drill 0.8) (layers *.Cu *.Mask)
      (net 9 "Net-(D9-Pad2)"))
